1	0	11642719	1
1	0	11695244	1
1	0	11700040	1
1	0	11733969	1
1	0	11741909	1
1	0	11748297	1
1	0	11751405	1
1	0	11751903	1
1	0	11756412	1
1	0	11762751	1
1	0	11781193	1
1	0	11809712	1
1	0	11842244	1
1	0	11872638	1
1	0	11877274	1
1	0	11877298	1
1	0	11877436	1
1	0	11882322	1
1	0	11893252	1
1	0	11911463	1
1	0	11943869	1
1	0	11953864	1
1	0	11956602	1
1	0	11968052	1
1	0	11989975	1
1	0	12015083	1
1	0	12025230	1
1	0	12046058	1
1	0	12052868	1
1	0	12052868	1
1	0	12054510	1
1	0	12054572	1
1	0	12054658	1
1	0	12055678	1
1	0	12058028	1
1	0	12111504	1
1	0	12123335	1
1	0	12138103	1
1	0	12145325	1
1	0	12151346	1
1	0	12151347	1
1	0	12151395	1
1	0	12168821	1
1	0	12204872	1
1	0	12205674	1
1	0	12354776	1
1	0	12359245	1
1	0	12370305	1
1	0	12379120	1
1	0	12384701	1
1	0	12388558	1
1	0	12393707	1
1	0	12396717	1
1	0	12400017	1
1	0	12412576	1
1	0	12429910	1
1	0	12441075	1
1	0	12457968	1
1	0	12474524	1
1	0	12513833	1
1	0	12517948	1
1	0	12531694	1
1	0	12545156	1
2	0	12101238	1
2	0	12527917	1
3	0	11731410	1
3	0	11861293	1
3	0	11861295	1
3	0	12080468	1
3	0	12091359	1
3	0	12127395	1
3	0	12203785	1
3	0	12210491	1
3	0	12393285	1
3	0	12435397	1
3	0	12505259	1
4	0	11937263	1
4	0	11943656	1
4	0	11973338	1
4	0	12008951	1
4	0	12016100	1
4	0	12215437	1
4	0	12243757	1
4	0	12438323	1
5	0	11580237	1
5	0	11781706	1
5	0	11973623	1
5	0	11981020	1
5	0	11981021	1
5	0	11994009	1
5	0	12080117	1
5	0	12237328	1
5	0	12239220	1
5	0	12356883	1
6	0	11841486	1
6	0	11914751	1
6	0	11916169	1
6	0	11953202	1
6	0	11972882	1
6	0	12021129	1
6	0	12021132	1
6	0	12021143	1
6	0	12027934	1
6	0	12028537	1
6	0	12039527	1
6	0	12070003	1
6	0	12070003	1
6	0	12090587	1
6	0	12145745	1
6	0	12358858	1
6	0	12410803	1
6	0	12513847	1
7	0	11923474	1
7	0	11940567	1
7	0	12106016	1
7	0	12223098	1
7	0	12351625	1
7	0	12370803	1
7	0	12478664	1
7	0	12552091	1
8	0	11857565	1
8	0	11943741	1
8	0	12040016	1
8	0	12088926	1
8	0	12091390	1
8	0	12444891	1
8	0	12519858	1
9	0	11849386	1
9	0	12067712	1
9	0	12111700	1
9	0	12111700	1
9	0	12538345	1
10	0	11686318	1
10	0	11994010	1
10	0	12029084	1
10	0	12052963	1
10	0	12063259	1
10	0	12067914	1
10	0	12091344	1
10	0	12091346	1
10	0	12193972	1
10	0	12200374	1
10	0	12407115	1
11	0	11685227	1
11	0	11822867	1
11	0	11884513	1
11	0	11973651	1
11	0	12027902	1
11	0	12038964	1
11	0	12115629	1
11	0	12117911	1
11	0	12169092	1
11	0	12181570	1
11	0	12239215	1
11	0	12376551	1
11	0	12377770	1
11	0	12393431	1
11	0	12393632	1
11	0	12453877	1
11	0	12524240	1
12	0	11964245	1
12	0	12169652	1
13	0	12172548	1
14	0	11856731	1
14	0	11927599	1
14	0	11956181	1
14	0	12016229	1
14	0	12416978	1
14	0	12427973	1
15	0	11937269	1
15	0	11940320	1
15	0	11986944	1
15	0	12177006	1
15	0	12612883	1
16	0	11901185	1
16	0	12105146	1
16	0	12105146	1
17	0	11564874	1
17	0	11905808	1
17	0	12384510	1
18	0	11374883	1
18	0	11406125	1
18	0	11812769	1
18	0	11897708	1
18	0	11919513	1
18	0	11964087	1
18	0	12031984	1
18	0	12172379	1
18	0	12204890	1
18	0	12218135	1
18	0	12413694	1
18	0	12488331	1
19	0	11743158	1
19	0	11997516	1
19	0	12461525	1
20	0	11441070	1
20	0	11466351	1
20	0	11695234	1
20	0	11714840	1
20	0	11727760	1
20	0	11752172	1
20	0	11836634	1
20	0	11881823	1
20	0	11937135	1
20	0	11937560	1
20	0	11978635	1
20	0	11981816	1
20	0	12021107	1
20	0	12050361	1
20	0	12161015	1
20	0	12163021	1
20	0	12193224	1
20	0	12193688	1
20	0	12193747	1
20	0	12207333	1
20	0	12270729	1
20	0	12358144	1
20	0	12360487	1
20	0	12464266	1
20	0	12466142	1
20	0	12511596	1
20	0	12525570	1
20	0	12594834	1
21	0	11717190	1
22	0	11977981	1
22	0	11984876	1
22	0	12050144	1
22	0	12217324	1
22	0	12361605	1
22	0	12435628	1
23	0	11886851	1
23	0	11916959	1
23	0	11931670	1
23	0	11934646	1
23	0	11973363	1
23	0	12061819	1
23	0	12065840	1
23	0	12149210	1
23	0	12374739	1
24	0	12411493	1
24	0	12417719	1
25	0	11932921	1
25	0	12516554	1
26	0	12370419	1
27	0	12056896	1
27	0	12185001	1
28	0	11848443	1
28	0	11870074	1
28	0	11973468	1
28	0	12021067	1
28	0	12025859	1
28	0	12111808	1
28	0	12145054	1
28	0	12486186	1
29	0	11042116	1
29	0	11756407	1
29	0	11950391	1
29	0	12031952	1
29	0	12086933	1
29	0	12369705	1
30	0	12186877	1
31	0	11882578	1
31	0	11950831	1
31	0	11959652	1
31	0	12183023	1
31	0	12372698	1
31	0	12443729	1
31	0	12458035	1
32	0	11872642	1
32	0	11882461	1
32	0	11906328	1
32	0	12115890	1
32	0	12193379	1
32	0	12200235	1
32	0	12388160	1
32	0	12399409	1
32	0	12399419	1
32	0	12446604	1
32	0	12488358	1
33	0	11688978	1
33	0	12127152	1
33	0	12231239	1
34	0	11841916	1
34	0	11861518	1
34	0	12147208	1
34	0	12147209	1
34	0	12210105	1
35	0	11749055	1
36	0	11752574	1
36	0	11752575	1
36	0	11804783	1
36	0	11919715	1
36	0	12441298	1
37	0	12417656	1
38	0	12084706	1
38	0	12176339	1
39	0	11818059	1
39	0	12052957	1
39	0	12134162	1
39	0	12163402	1
39	0	12393817	1
40	0	11752574	1
40	0	11752575	1
40	0	11779460	1
40	0	11804783	1
40	0	11846485	1
40	0	12183376	1
40	0	12231627	1
40	0	12441298	1
41	0	11934851	1
41	0	12205712	1
42	0	11740559	1
42	0	11744384	1
42	0	11850624	1
42	0	11850625	1
42	0	11973353	1
42	0	12213838	1
42	0	12526813	1
43	0	12019233	1
44	0	12029628	1
44	0	12359426	1
45	0	11799118	1
45	0	11879186	1
46	0	12185249	1
46	0	12297987	1
46	0	12297989	1
46	0	12632434	1
47	0	12082536	1
47	0	12427559	1
48	0	11955432	1
48	0	12055248	1
48	0	12406895	1
48	0	12569164	1
49	0	11701948	1
50	0	12237116	1
